618 · mnssx 8611127011οΜ.

241,1. 25428. 274, 20. 278,6. 231,16. 23640. 242,.8 248,ίᾶ

31. nm’nte17,342,4.47,1.48,9.
¹· ’ 60, 13. 67214. 107,47126,16.

Ε· {2202333822320373-828716'114 1291623 1267.

Empedoclen 142, 26. 142, 23. 152, 33. 153, 2. 39 b. 156,

Etymologicum M. 10, 6ἐ 8 11,12. 14. 206, 25. 236, 41. 247, 25. 278,
13,.2 14‚.910·13-6‚9·16‚2·122908.2029226 Medeam,
9.’18,14. 20, 4. 25,8. ’26, 1. 27, 14. 187, 29. 11115110'13110101, 35. 33
4ἓὶ28,18.27. 29,5.18. 30,1. 32, 170,12.,270,.13. Alcestide 48,19.
.3’3, 6. 34, 1’5. 36,23. 38, 6. ‘ 156,15. 211, 2. Andromacham,

39, 7. 24, 40,’ 1. 43, 41 50, 22. 28. 223, 9. ⁹263, 3.· supplicibus
24. 26. 52, 23. 62,19.63,7.31. ,247‚26.1penia in Aulide 41,

65, 4. 66, 4. 67, 12· 26- 69, 5. 14. ’169,7’.”“ 50, 9. Iphigenia in
4. 16. 74, 12. ’17. 75, 403 411». ‘ram-1³ 48, 5. 5439 55,14. 82,
498. 78, 18. 79, 14. 80,1· 4· 7· 18. 169, 8. Rheso 203, 21. Troa-
83,2.84,.17.,8527.,873288, 01531822386119918117
2. '2.6 9024. 9ι,ὲ. 92, 17. 94, 21. .,142 23; 151, 26. 159, 30.· 17οζ

31. 95, 23. 98,6. 99.3. 102,.2 12.174,..,32239.263,.’2 Bacchis
105, 9106, 2. 29. 107. 20. ’.46 70, 41. 257, 35.“. 269, 26. 262, 39.
109. 24· 111212· 11229· 1¹4, 11. 292, 27. c’yclop ι», 169, 6. flera-
116,2.14.50.118,13.123,11. clid'is 290, 8. Helena 33, 20. 34,
126,18. 127, 26. 128,15.129,24. = 9 23. 84,15 142, ‘,23 152, 31.
130, 1. 6 23’. 132, 14’. 133, 8. '137, · 169, 8 178, 24. 283, 1. lone 143,
1¹·140.2 143 '23 144.5.145, 7.152,34.169,6. flere. ιο fun-n-
12. 19. 34. 42. 146, 33. 35. 39. 147, to 231, 16. 257, 36. Ecetra 65,
7.148,16.150,7.15. 153, 13. 9. 142⁹, 23. 292: 27. Fragm. 85,
154, 18. 23. 158, 414. 159, 20. 8. ’,’159 28. 247, 6. 248, 20. 281,
160, 18. 34. 161, 3. 163, 919. 164. 15.

· 5. 165, 10. 13. ’15. 166, 13. 167, Eustath‘ius, aa Ιιίαᾱ. 9, 6. 12, 6. 9.
624. 3’5 168,26.170‚6.13.171,13,17.18.20.14‚12.15‚’1.13.
192429172162517311.16161751811192200
·174‚ 17. 179,8.9.181,11.33..182‚ 4. 21, 1. 22, 21. 25, 20. 29’, 24. 30,
3.14.186,17.22.187‚21. 189,19. 24. 3⁹2, 14. 33, 4. ’24. 37, 14. 38,
191, 3. 193, 1. 13.17. 22..194,10. 17. 24. 27. 39, ’5. 40, 15. 42, 6. 43,
195,23..,...24197512198,2930. 5461747210 4810 ’,.4921
36. 200,14. 202, 10. 34. 206, 20. 50, 1.’ 55, 20. 25. 57, 10. 58, 11.
2088. 17 211, 6.’ 212,11. 213,12. 21. 59, 1.18. 63,1. 3. 16. 64, 22.
22. 216, 21. 21'8, 23. 221, 9. 1428. 66, 8. 18. 67, 11. 68, 31. 69, 6. 7.
222, 4. 223, 27. 30. 224, 1. 22. 13. 71, 6. 74, 5. 80, 20. 81, 7. 82,
225, 22. 227, 12. 228, 11. 229, 5. 12. 28. 83, 3. 84, 21. 88, 2.19.
26· 230, 23· 231, 28· 232, 36· ²}ffi9 m, 31· 96, 340 97, 1· ²5· Ἦ, 7ο
14. 237,11. 241,1.19.20. 2235. 100‚10.18.101,17.27.105,19.
2431. 5. 23. 244, 13. 249, 8. 250, 107, 5. 10. 108, 6’. 109, 1 110, 22.
24. 254, 5. 257, 11. 259, ’12. 261, 111‚26. 11212 113,17.25. 114,
9. 263, 10. 14’. 21. 264, 17. 21. 4.1’,17 29. 120,.213.122,16. 129,
265, 2. ’28. 266, 37. 267, 3. 8. 14. 231301.132,2.11.23.133,15.
268,12. 270, 16. 278, 6. 279, 2. „ 134, 8. 9. 136,ι’4. 137, 20. 139, 30.
21. 281, 22. 282, 1. ’283, 6. '11. 140, 2. 11. 143, 17. 144, 9 145’, 37.
284, 21. 285, 23. 288, 10. 293, 37. 146, 4.11. 149’, 4. 15οζ 18. 153, 5.
294, 6. 159, 10. 160, 2.17. 164,6. 167‚13.

Erotianus, Lex. Hippocr. 180, 29. 168, 13: ·170, 8. 22. 171, 19. 172,
189, 26. 1ο. 173, 7. 177, 4. 179, 7. 183, 13.

Eu99phorio, fragm. 67,25. 80,5.15. 185, 1822. 187, 33. 188, 5. 189,

ἰο4,8.110,30.160,34. ’ 13. 190, 29. 192, 28. 194, 3. 195,
189, 92. 198, 35. 267’, 14. 268, 24. 25. 29. 19612. 15. 30. 197, 11.

Euripides, Hecuba 70, 38. 99, 17. 198, 20. 2oo,22. 201,14. 33., 202,

116, 37. 169, 7. 170, 5. 230,15. 1015. 208, 1. 210, 3. 2ὺ11, 7. 37.

4

⁴

