mnnx scalpronum

39. 216, 22. 219, 10. m& 10.
224, 22. 225, 13. 229, 27. 232, 2.
20653, 19· 2⁴0 23⁵, 10· ³¹· 3⁵· 2361
13. 237, 12. 24. 241, 2. 23. 243,
23. 249, 10.· 254, 4. 256, 3. 262, 9.
263, 11. 15. 24. 264, 24. 265, 5.
26³7, ’3. 269 6. 271,15. 2Ίᾷ 28.
27868445. 279,2Ο. 26. 282,4.
28416 20. 286,6. 298, 38. ad 01582.
13,63.9. 16,15. 22614. 25,1.

1. 39,5 49215. 50, 4-. 53:3⁰3&
19.25. 62,22. 64,161.(“ὒ,19.23.
67, 16.19. 72. 1. 83,17. 85,
19. 24. 32. 88, 7. 22. 92, 206
93,22. 94,3.28 96,23.27-.31
32. 97,.468.98,21.104,9.,105
11. 16.20.167,12.110,15.166
117, 10. 16. 118,6 4. 14. 17. 121, 6.
128, 16. 129, 18. 134.3.8.21. 135,
33. 137, 6. 140, 19. 22. 143,186.
146, 12. 147, 1. 150, 24. 151, 20.
153, 13. 154,14.155,15.157,19.
158,7.16364.167615.1668,2.
333 3·- 333 3.·’3 333533:
18664.189,14. 190, 36. 191, 20.
197, 15. 206, 7. 213, 8. 25. 2266,5.
227,15. 2268, 12.169. 229, 15. 24.
Ξζ6’.’.ῗ.6·.ἓῖ6αξὲζ6ὲ. 65.. .²:³2⁷⁵’2,¹²2· 333:
11. 261, 12. 2663, 25. 266, 46. 2676
15. 276, 20. 279, 16. 280, 4. 2836,
1. 31. 32. 286,7. 287,22.6292, 19.
293, 21. ad Diony·.Perieg.12‚
8. 14, 5. 25, 17. 27, 15. 34, 2. 356
4.,.,..36365384Ο54,.30 59,23.
97, 164. 98,16. 101,5. 109,4.8.
110,12. 111,12.27. 120, 2139,
7.146,15.152,14.24.159,176
186,17. 206,4.6226,18. 2306.20
237, 6. 255, 15. 2566, 2. 2596 14.
261, 9. 267619. 269,2. 270629.
2716 14. 274, 9. 293, 368.

F.

Favorinus, Eelog. 15, 20. 38,
23. 110, 18. 171, 28. 211, 8. - Lex·
12,.5 614,.1115,7.256,.,.53929
466.2Ο 47,30. 50,.24 51,.2 60,
4.1ω,8.6106,.736.109,167.118,
26. 116,3.162. 118,
124, 4. 6,125 2. 22. 6126, 22. 6,127
8. ’.128,2 1641,13.142629. 156,
18. 157, 27. 160,3ο. 161,18. 163,
30.165,11. 1676,13.31.38. 169,
43.171,6.172,6.11 178, 20. 181,
31. 84. 6,184 2. 6188,7. 1689,.21 456

3. 120, 10.

619

190,80.192,5.7.198,12.22.
196‚18.201,16.22.202,18.2oe‚
4. 205, 30. '2¹⁸- 12. 216, 23. 21⁷,
10. 2216, 6. 228, 29. 2296 27. 2826
2. 84. 6285, 27. 241, 16. 685. 249,
19. 250, 4 24. 258, 14. 255‚1o-
261, 81. ’,263 19. 279622. 288610.
11.’284,11.’‚285 26.
Festus 2061, 22. 255, 9. 266, 47.

G.

Gale-nuo, de Aliment. 98, 22. - Glon.

gigpg’gr. 161, 22. 1826, 15. 191, 18.

Geniu's, Noct. Attio. 255, 9.
Gnossar’ium Herodoteunt 106, 84.
ΕΓ6116116661112966009 Pal-isin. περὶ λέξ. πα-

θῶν 160, 24. 288, 6.
5.120,

ore-ro rfius Corinthius 107,
16⁵. 123, 12. 232, 36.

Gregorius Nazianzenus 207, 7. 246,
21. 262, 16.

-H.

Hau-poentio 16, 11.
Heluidius apud ’phot 189, 4. 27ὶ1,18.
HerpdianusGrammuticuS,m2510-
λέξ. 15,6. 94,14'.14,18.
1666871616,1.1668,1.1716,18.
1986146. 198, 627. 208,67. 283, 164..-
περὶ παθων680, 4. -- ”Fragmentum
ab Hermanno editum 96, 85.
Her-odetuna, 7. 48, 4. 586, 89. 65,
4.106 82. ’,128 1. 158, 86. 177, 7.
178, 401). 180, 4. 190, 15. 192, 6.12
{35:51⁸}- 263,'.7 2⁷216.277,’.10

Hesio’dns, Theogoniam, 261³. 97, 2. “

248, ssa. 247, 9. 278, 86711. -- Opp.
etD. 116, 49. 281, 8609. ·,294 268.
—— 86η106Ηενε.1862,2-191,459.
294, 8. -- Fragm. 6178, 88116.

4 107 Hesychius 16, 7. 29, 1. 684, 27. 88,

23. 39,.’..192429 4ο,2ὀ. 50,’9
52,2o.’,53856‚3.,66,..'41862
6.,....,.,6821276666725724’
74,12. 91,.11 84,.,29863.”30
87’35. 98,9.89,’.,3923’93,4“
24. 94,17.95,..1723 98,6..83
4ο. 10'5,31.106‚2.11.28. 107,
42-110, '.24 111‚24. 112114131
24. 114611. 11611. ι19,4.ι2.
121,.16 1238. 1242. 12. ’,.1252
22.126,16.’127,7.129,22.1’30,

