-INDEX -SCRIPT-ORUM.

287, 19. 28. 248, 8. 6. 250, 16. 22.
25. 31. 277, 11.

Petronius Satyrion 84, 82.

Philemo Ι. ex· lm, 8. 236, -.12

Philostephanus 260, ssa.

Philoxene's (²)227, 293. 244, 921).

Philoxenus Glossnr. 167, 80. 194,
41. 280924..

sphotius,Bt'blioth.1·53.7· 181,
·-,189 4. ‹24137- 253, 10. 256,8.
271,14. 275,13. 277,12. 282,

··-’.34--- Lex.29’‚.‚.1341447,.2763‚
27. 72,3.126,17. 128,23. 142,
29. 154424. 172, 4018225· 16.
189, 44. 192,2. 2,11 2. 223, 30.
224,.3'242‚11.249,17.250‚.5

. 255, 9. 261ζ 31. 266, 44. 278, 37.

Pindarus 22, 13. 44, 17. 53, 85. 70,
45. 73, 2. 109, 6. 114, 115,
11.119,7.132,21. 1613280.. 179,

, 35²5& .193,4. 247, 15. 278, 9. 283,

Plinius ΗίειΝειι. 24, 17. 41,18.
55,1.,109,29.110,11.128,9.“
1352μ 136, 6. 208, 17. 234,10.

’ 13. 270, 26. 293, 29.

Plutarchus· 38, 22. 64, 4. 67, 25.
205⁹ 17sq. 219, 9.

Pollux Ononiast. 32, 36. 35, 26. 41,
6.52,21. 63,7..12 81,12.,581. 288,
8. 9⁹4, 142,30.167‚34.180.
16. 186ᾆ1. 189, 25. 194, 3. 211, 8.
230, 11. 235, 11. 242, 12. 266, 46.
268, 27„ 279, 23.

Polybius 131, 10. 158,18.199,16.
218,382 237,16.·248,1.9. 274, 8.
Pomponius4Mela 33, 22. 55, 1. 128,
Procli Excerpta 34,”. 51,11. 56, 16.
62, 27. 72, 6. 78, 2⁹7· 82, 21. 89, 35.
Ptnlemaeus Geogimph. 185, 29. 190,
108 192,8.13. 234,.,10 289, 11.

Quintus Smyrnaeus 77, 9. 82, 23.
84, 32. 89, 28. 96, 7. 211, 14. 30·

17.

,S-

Sa pho 135, 37.

Sc oliastes Aeschyli 86, 35. 123,10. .

250, 21. 294, 16· .
Scholiastes Apollonii Rhod 14, 6.
35,16. 38, 23. 45, 29. 46, 22. 47,
17. 49, 17. ·50, 12. 53, 35. 39. 55,
2. 97, 15. 99,9. 120, 9. 132,14.

¹22, sea. 149, ’16. 20⁹2, 8. ·

621

148,11.169,19.-·170‚ 5. 211, 2.

235, 35. 247μ14. 267, 9. 275,14.
scholiastes Arati 24, 18. 168, 6.
Scholiastes Aristidis 128, 2. 279, 10.
Scholiastes Aristophanis ¹20, 9. 159,

45. 172, 4. 178, 2. 3. 20. 181, 122.

186, 7. 191, 25. 222, 3. 2233, 7.
{3331}- 262,8· 263,13. 281,23.

Scholiastes Dionysii Perieg 137, 27.
138, 3. 162, 6. 26. 261,8. 282,.34
scholiastes Euripidis 14, 15. 40, 7.
108, 9 156,15. 203,22. 250,16.
18. 267, 27.
Scholiastes Hephaestionis 116, ⁵5· “
Scholiastes Homeri 15, 19. 20, 3.
24,8. 29,21. 33,.6 38,.18 4821.
50,10- 51,16. 57,10. 63,1. 20.
66,6.,6711. 69,8..11 71,.17 77,
87, 41. 89, 28. 96,8.20.’22.Δ
’ 22. 112, 13. 113, 17. 24. 139, 7.
146,1o. 153,13.17ι,16.181,26.
201, 8. 202, 9. 211, 17. 30. 22³1, 9.
230, 4. 245, 15. ⁹248, 5. 254, 4.
’,263 10. 264, 23·
Scholiastes Nicandri 14, 1. 24,19.,
25, 9. 15. 29, 22. 50, 28.- 63, 23·
92, 2. 103, 3. 148, 21. 1805113
216, 19 263, 21.
scholiastes Pindari 53, 16. 119, 8.
180, 27. 190, 19.

Scffiiagm Sop hoelis44‚ 7.· 106, 34.

113„291‘3 646'1· 187, 7·- 19. 211,
32. 2 ⁰

scholiastes Theocriti 146‚3. 186,

. 21. 192, 5. 197, 2. 232, 9. .

Solioliastes Thucydidis 151, 14..

Scriptura sacra 59, 39 a. ,

Scylax Per=p1.192,12.‚‚215 5.. 217,
6. 218, 22. 39. 253, 11. 267. 8·

. 27o,26..275,19.289,11.

Serviu8‚ ad virgil.85,1.1o4‚7.

Solinus. 128, 4. 21215.

Sep 1106193, Aiace 42, 4. 21. 84, 10
117, 26,27.283,5.242,18.-
Electra· 47, 1. 178, 18. ·-· Oedipo

‚ Rege 49, 10. 66, 8. 106, 33. 126,

¹ 14.225,›16.281,14.-- Antigona

84, 22. 48, 4. '175‚30. 1.,92 22.

.230, 3. 261, 80. -- Oedipo Colo·
neo 61, 8. 95, 6. 116, 37. 275,81,
- Trachiniis 73, 17. 77, 19. 126.

,15.142,32. -— Philocteta 84,1.0.
171, 8. ..- Fragm. 111, 19.

ste bimus Byzantinus 14, 2. 17, 12. ,

,16. 25,8. 29,5. 30, 6. 8&ae..-

193, 5. 24215- l

