622 mol-:x

85,.,,8.42,85820 60,,4.682.
81,,,6.8429.911’9. 98, 29.81.
99,25.,10022.’80.’.1018106,
2.’109,.29 110,..’610 19. 21
111, 20. 120, 9 1’25, 841). 128, 4.
188, 4. 187, 12. 19. 27. 188, 4.
139 6. 145, 5. 146, 14. 147, ’28.
27.157,26.161,16.162,2.163,
8. 164, 84 85.168,12. 178, 22.
175, 24· 176, 8. 179, 6. 188, 20.
184, 81. 186,’16.19. 190, 16. ’192,
7.194,28.195,10. 18. 18. 26.
196,4.’..72684 ’198,-85 199,1·
·17.’.200,13 201,11. 205,’24.
208, 17. 82. 210, 6. 212, 26. 214,

5. 215,5. 12. 20 216, 6..14 217,-

· 5.1’7. 91819 90. 39. 9191914.
2 41. 990, 1’6. 23. 221, 39. ⁹222, 20.
995, 9. 10. 19. 21. 3230,19. 238,
· 7.· ι’4. 941, 6. 949, 14. ’948, 1. 4.
950, 15. 99. 95. 951, 9ο. 953, 3. 5.
· 91. ’.95 954, 43. 956, 15. 969, 14.
964, 3. 19. ’965, 3. 93 967, 6.’ 94.
·968, 94. 970, 95. 971, 13. 9’.1 979,
’8. 16. 974, 5. 975, 9ο. 977, 4.
978, 45. 280,2.11. 989, 1019.
’93. 283, 6 2⁹89, 411. 94. 994, 3.
Strabo 83’, 22. 42’, 8. 54, 33. 6Ο,’ 8.
96. 64, 35. 31, ’4. 34, ’99. 89, ’97.
97, 18’ 99,99. 104, 7. 105, 43.
. 109, 96. 11’,1 21. 93. 198,94. 133,
3. ⁹134, 99. iss, 90. 137,’ 16. 139,
, 5145.4.157,’96.158,6.169,8ἶ
. 171,1’5.185,30.136,16.99.1’90,
· 7.1’.5 199,1’3 195, 8’. 196, 6. 99’
198, 36. 900, 11. ’,905 99’. 907,
19. 908, 16. 909, 18. ’,915 4.19'
91896. 38. 991, 17. 23418.10
937, 9. 15. 19.'2'3. 938,10. 947,
30. 948,..39 953,13. 954,17’
. 256, 1. 7’. 961, 33. 264, 99. 970,
94. 271,16.’27,4 99. 975,18’
977, 11. ’979, 9
8611115115, 7. ἰ6,5. 7. 11. 95, 5. 8.
- 97,- 11. ’34, 13. 39, 26. 41, 7. 17.
·47ζ99. 6328. 65,4. 91,.31 94,
,ἶ13 98, 6. ’,106 7. ’.19 35.116,19’
- 195 9. 197, 10. 130, 93. 14999
146’ 9. 34. ’,167 19. ’,174 19. 178,
· 18. 132, 6. 186’, 3. 189, ’94, 191,
3. 193, ’.99 905, 94. 3οἷ 914, 11.’
916, 99. 930, 91. 933, 13. 935, 34.

’ 256, 12. 267, 81.

scnu’TORUM.

‘1⁹.

Theocritus 77,12. 84, 1. 115, 89.
116,2.21.125,17.132‚22.186,
91.199,4.197,.9 19037. 2329.

ssgggggssugg'fflffix'nndr. 150, 4.

Thomna Μαξ.105,7. 154, 19. 227,

'l’hlgzytffdseo 218, 87. 258, 20. 272, 7.

Timaeus 9395911.

Tr
ἔρ 271, 290.

Tzetzes ⁹00an Antehammeis 57,

-11, 61, 2. 62’,28. 136, 10. 264:
..16 275, 5. -- Panhomericiuffl, 20.'
71, 28. ’72,9. 82, 24. 211, 15. 33.
*’ckiaeadibuos), 8.· 28, 18. 40, 2.
72, 21. 78, 12. 84, δ’. 240, ’43
264,.16 275213.. 279, 8. 281,.1 -
Emgeae. 111 ’11ἰα11.18’, 19. 180, 20.
286, 14. 252, 86. 256, 5. 261, ,10.
264, 16. 25.

'I'zetzes (Isana), Comment. in Ly·
cophr. 9, 2. 21, 8. 85, 10. 41, 15,
44,.14 52,5. 69,.’,.’12782086’
26. 98, 7. ’96, 11. ’,98 11. ’108, 34.

·10418.105,22.26.109,17.110,

.18.’27. 29. ’111,86. 128, 5. 185’

· 4.142,10.150,15.151,’39.156’

941569.160’,13.163’,13.166’
420. 1’67, 88. 168, 27. 169, 33.
170, 15. 178, 17. 181, 7. 17. ’181,
10. 21. 198, 15. 202, 9. 9051οῘ
227,..22 23'1,9.,’23619.,’24033.
270, 9 289, 3.
22. 291,10.

V.

Varro de Izing. Lat. 199, 19. 201,
νῑΞέἰιῑῖἒ”77’,”9. 169, 4. 905 , 90.
, .

Χ.
Xenophdn Anabasi 261, 88.

Ζ.

· 938,11.241,37.949,18955,1ο.2011019111 Lex. 15, 7. 282,1. 244,

·² 267’, 6. 979, 99. 985, 96.

14.

phfiodorus 82, 28. 287,18. 254, ’

 

 

 

